
Last 4 digits of your ID	T1	T2	T3	T4	T5	T6	T7	T8	T9	T10	Report	Total	Comment
8514	4	4	4	4	4	4	4	4	4	4	1	41	
8681	4	4	0	4	4	0	2	0	0	4	1	23	
8692	4	4	4	4	4	4	4	4	4	4	1	41	
2027(강)	4	4	4	4	4	4	4	4	4	4	1	41	
2750	4	4	4	4	4	4	4	4	4	4	1	41	
2121	4	4	4	4	4	4	4	4	4	4	1	41	
1350	4	4	0	0	0	2	0	0	0	2	1	13	
4640	4	4	0	4	4	0	2	0	0	4	1	23	
540	4	4	4	4	4	4	4	4	4	4	0	40	
624	4	4	4	4	4	4	4	4	0	4	1	37	
4758												0	미제출
4072	4	4	4	4	4	4	4	4	4	4	1	41	
4068	4	4	0	4	4	0	2	0	0	4	1	23	
1510												0	미제출
461	4	4	4	4	4	4	0	2	2	4	1	33	
3081	4	4	0	4	4	0	2	0	0	4	1	23	
4481	0	0	0	0	0	0	0	0	0	0	1	1	헤더 파일과 충돌(함수 재선언)
5487												0	미제출
4577	4	4	0	4	4	0	2	0	0	4	0	22	
2716	4	4	4	4	4	0	2	0	0	4	1	27	
3505	4	4	4	4	4	4	4	4	4	4	1	41	
3973	4	4	0	4	4	0	2	0	0	4	1	23	
1795												0	미제출
4609	4	4	0	4	4	0	2	0	0	4	1	23	
2738	4	4	0	4	4	0	2	0	0	4	1	23	
3965	4	4	4	4	4	4	4	4	4	4	1	41	
536												0	미제출
3782												0	미제출
1938												0	미제출
1943												0	미제출
2836												0	미제출
4232	4	4	0	4	4	0	2	0	0	4	1	23	
241	0	0	0	0	0	0	0	0	0	0	1	1	0 하나만 출력됨
2578	4	4	0	4	4	0	2	0	0	4	1	23	
3665	4	4	4	4	4	4	4	4	0	4	1	37	
459	4	4	0	4	4	0	2	0	0	4	1	23	
4866	4	4	4	4	4	4	4	4	4	4	1	41	
3933	4	4	4	4	4	4	4	4	4	4	1	41	
2196	4	4	4	4	4	4	4	4	4	4	1	41	
2643	4	4	4	4	4	4	4	4	4	4	1	41	
2305	4	4	4	4	4	4	4	4	4	4	1	41	
1298	4	4	0	4	4	0	2	0	0	4	1	23	
2870	4	4	0	4	4	0	2	0	0	4	1	23	
2717	0	0	0	0	0	0	0	0	0	0	0	0	헤더 파일과 충돌(함수 재선언)
2302	4	4	4	4	4	4	4	4	4	4	1	41	
4838												0	미제출
1929	4	4	4	4	4	4	4	4	4	4	1	41	
4658(박)	4	4	4	4	4	4	4	4	4	4	1	41	
656	4	4	4	4	4	4	4	4	4	4	1	41	
1867	4	4	4	4	4	4	4	4	4	4	1	41	
4944	4	4	4	4	4	4	4	4	4	4	1	41	
1912	4	4	0	4	4	0	2	0	0	4	1	23	
1996												0	미제출
797	0	0	0	0	0	0	0	0	0	0	1	1	헤더 파일과 충돌(함수 재선언)
742												0	미제출
561	4	4	4	4	4	4	4	4	4	4	1	41	
4524	4	4	4	4	4	4	4	4	4	4	1	41	
5550	0	0	0	0	0	0	0	0	0	0	1	1	모든 출력의 마지막에 \x08 출력됨
176	4	4	4	4	4	4	4	4	4	4	1	41	
3436												0	미제출
4768	4	4	4	4	4	4	4	4	4	4	1	41	
2692	4	4	4	4	4	4	4	4	4	4	1	41	
899	4	4	4	4	4	0	2	0	0	4	1	27	
3604	4	4	0	4	4	0	2	0	0	4	1	23	
4315	4	4	2	4	4	2	2	2	2	2	1	29	
2027(신)	4	4	0	4	4	0	2	0	0	4	1	23	
2373	4	4	0	4	4	0	2	0	0	4	0	22	
1586												0	미제출
3555	4	4	4	4	4	4	4	4	4	4	1	41	
2270	4	4	4	4	4	4	4	4	4	4	1	41	
465	2	4	0	0	4	2	0	4	4	2	1	23	
3079	4	4	0	4	4	0	2	0	0	4	1	23	
325	4	4	0	4	4	0	2	0	0	4	1	23	
2764	4	4	4	4	4	4	4	4	4	4	1	41	
3702												0	미제출
2438												0	미제출
4668												0	미제출
137	4	4	0	4	4	0	2	0	0	4	1	23	
3105	4	4	4	4	4	4	4	4	4	4	1	41	
2420	4	4	0	4	4	0	2	0	0	4	1	23	
2381												0	미제출
2483	4	4	0	4	4	0	2	0	0	2	1	21	
2947	4	4	4	4	4	4	4	4	4	4	1	41	
999	0	0	0	0	0	0	0	0	0	0	1	1	CreateGraph 함수의 parameter가 달라짐
2860	4	4	0	4	4	0	2	0	0	4	1	23	
3030	4	4	4	4	4	4	4	4	4	4	1	41	
3868	4	4	0	4	4	0	2	0	0	4	1	23	
1266												0	미제출
2807	4	4	0	4	4	0	2	0	0	4	1	23	
625	4	4	4	4	4	4	4	4	4	4	0	40	
4019												0	미제출
4702	4	4	0	4	4	0	2	0	0	4	1	23	
1226	4	4	2	4	2	2	2	4	2	0	1	27	
3548	4	4	4	4	4	4	4	4	4	4	1	41	
4												0	미제출
1908	2	4	0	4	4	0	0	0	0	0	1	15	
4118	0	0	0	0	0	0	0	0	0	0	1	1	아무것도 출력되지 않음
2534	4	4	4	4	4	4	4	4	4	4	1	41	
62	4	4	4	4	4	4	4	4	4	4	1	41	
5475	4	4	4	4	4	4	4	4	4	4	1	41	
3038	4	4	0	4	4	0	2	0	0	4	1	23	
1210	4	4	4	4	4	4	4	4	4	4	1	41	
3504	4	4	4	4	4	2	4	4	4	4	1	39	
380												0	미제출
2854	4	4	4	4	4	4	4	4	4	4	1	41	
1748	4	4	4	4	4	4	4	4	4	4	1	41	
1625												0	미제출
2015	4	4	4	4	4	4	4	0	0	4	1	33	
3007	4	4	4	4	4	4	4	4	4	4	1	41	
2754	4	4	4	4	4	4	4	4	4	4	1	41	
287	0	4	4	0	0	0	2	0	0	4	1	15	
2202	0	0	0	0	0	0	0	0	0	0	1	1	아무것도 출력되지 않거나, 12124496이 반복적으로 계속 출력됨
2988	4	4	2	2	4	2	4	2	2	4	1	31	
5530	4	4	0	4	4	0	2	0	0	4	1	23	
1283	0	0	0	0	0	0	0	0	0	0	1	1	아무것도 출력되지 않음
4665												0	미제출
3692	4	4	0	4	4	0	2	0	0	4	1	23	
67	0	0	0	0	0	0	0	0	0	0	1	1	아무것도 출력되지 않음
1150	4	4	4	4	4	4	4	4	4	4	1	41	
779	4	4	4	4	4	4	4	4	4	4	1	41	
1013	4	4	0	4	4	0	2	0	0	4	1	23	
2683	4	4	4	4	4	4	4	4	4	4	0	40	
4658(허)	4	4	4	4	4	4	4	4	4	4	1	41	
3476	4	4	4	4	4	4	4	4	4	4	1	41	
2900	4	4	4	4	2	2	4	2	2	4	1	33	
494	4	4	4	4	4	4	4	4	4	4	1	41